7.773278E11,5.182185E11
8.212398E11,5.4749318E11
8.0311825E11,5.3541215E11
7.998744E11,5.332496E11
8.138646E11,5.4257635E11
8.0461195E11,5.3640793E11
8.17699E11,5.4513264E11
7.9901367E11,5.3267576E11
7.8589814E11,5.2393207E11
8.0165614E11,5.344374E11
7.859683E11,5.239788E11
8.315044E11,5.543362E11
8.2132245E11,5.4754827E11
7.898156E11,5.265437E11
7.999836E11,5.3332237E11
8.1388955E11,5.42593E11
7.952107E11,5.3014043E11
8.009846E11,5.339897E11
8.02389E11,5.3492593E11
8.1114366E11,5.407624E11
8.100168E11,5.4001113E11
8.1154186E11,5.4102786E11
8.19493E11,5.4632864E11
8.1845944E11,5.456396E11
8.252536E11,5.50169E11
8.034356E11,5.356237E11
8.149765E11,5.4331766E11
8.1575104E11,5.4383398E11
7.9790434E11,5.3193618E11
8.0971176E11,5.398078E11
8.0534517E11,5.3689673E11
8.367836E11,5.578557E11
7.830727E11,5.2204844E11
7.961209E11,5.3074723E11
7.931667E11,5.2877774E11
8.173319E11,5.448879E11
8.1542506E11,5.4361666E11
7.8854626E11,5.2569748E11
7.9427233E11,5.2951486E11
7.8845595E11,5.2563726E11
7.8661314E11,5.2440872E11
8.338459E11,5.5589726E11
8.0444405E11,5.36296E11
7.9219956E11,5.28133E11
8.068948E11,5.3792984E11
7.900403E11,5.266935E11
8.0228214E11,5.3485473E11
8.0499134E11,5.3666087E11
7.8358335E11,5.2238887E11
8.013835E11,5.3425563E11
7.9788455E11,5.31923E11
8.148146E11,5.432097E11
8.2568086E11,5.5045384E11
8.218221E11,5.4788135E11
8.279933E11,5.519955E11
7.950265E11,5.3001765E11
7.9668176E11,5.3112114E11
8.110051E11,5.4067003E11
7.801307E11,5.200871E11
8.0328786E11,5.355252E11
7.7400624E11,5.1600412E11
8.044031E11,5.362687E11
7.831656E11,5.2211037E11
7.887704E11,5.258469E11
7.894248E11,5.2628318E11
8.195742E11,5.4638277E11
7.964626E11,5.3097503E11
7.942068E11,5.2947118E11
7.998152E11,5.3321007E11
8.111925E11,5.4079495E11
7.941546E11,5.2943638E11
8.074822E11,5.3832145E11
8.2482725E11,5.498848E11
7.955623E11,5.3037482E11
8.035478E11,5.3569847E11
7.8868074E11,5.2578714E11
8.3261764E11,5.550784E11
8.1569546E11,5.4379695E11
7.879898E11,5.2532648E11
8.1864334E11,5.4576218E11
7.9120754E11,5.2747167E11
7.9224124E11,5.281608E11
8.2163257E11,5.47755E11
7.908756E11,5.2725036E11
8.2710095E11,5.514006E11
7.912204E11,5.2748023E11
8.1392645E11,5.426176E11
7.944396E11,5.2962637E11
8.185698E11,5.4571316E11
8.036521E11,5.3576804E11
8.182561E11,5.4550403E11
8.032806E11,5.3552035E11
7.9837115E11,5.322474E11
7.881517E11,5.2543445E11
7.911784E11,5.274522E11
8.065743E11,5.3771616E11
8.202519E11,5.4683458E11
8.211151E11,5.4741002E11
7.989108E11,5.3260714E11
8.118111E11,5.4120736E11
8.168095E11,5.4453964E11
8.06065E11,5.3737665E11
8.2803995E11,5.520266E11
7.8517954E11,5.23453E11
8.1267995E11,5.417866E11
7.9621417E11,5.3080942E11
7.9266873E11,5.284458E11
7.928881E11,5.28592E11
7.8619345E11,5.2412894E11
7.696644E11,5.131096E11
7.8525976E11,5.2350648E11
8.0007935E11,5.333862E11
7.9856094E11,5.3237393E11
8.024025E11,5.3493495E11
7.918418E11,5.278945E11
8.1651296E11,5.4434195E11
8.00143E11,5.3342863E11
8.217682E11,5.4784544E11
7.9150055E11,5.27667E11
8.045809E11,5.3638722E11
8.088082E11,5.3920544E11
8.017552E11,5.3450342E11
8.146792E11,5.4311944E11
8.2030035E11,5.4686686E11
7.981391E11,5.3209268E11
8.253776E11,5.502517E11
7.722046E11,5.1480304E11
7.885609E11,5.257072E11
7.990259E11,5.326839E11
8.291201E11,5.527467E11
7.9926487E11,5.328432E11
8.163844E11,5.4425623E11
8.0357045E11,5.357136E11
8.0362734E11,5.3575152E11
7.891828E11,5.2612183E11
7.990699E11,5.3271324E11
8.174033E11,5.449355E11
7.986442E11,5.324294E11
7.7161556E11,5.1441035E11
8.095861E11,5.3972405E11
7.988492E11,5.3256608E11
7.946799E11,5.2978657E11
8.3273E11,5.551533E11
7.9772896E11,5.3181927E11
8.132514E11,5.421676E11
8.030793E11,5.353862E11
7.8889976E11,5.2593315E11
8.1745825E11,5.4497214E11
7.968245E11,5.312163E11
8.044477E11,5.3629846E11
7.8988824E11,5.265921E11
7.9281835E11,5.2854555E11
7.98897E11,5.3259796E11
7.970273E11,5.3135147E11
7.9807146E11,5.320476E11
8.280187E11,5.520124E11
8.2442014E11,5.496134E11
8.099404E11,5.3996025E11
8.223951E11,5.4826336E11
8.123109E11,5.4154058E11
8.141777E11,5.427851E11
7.820397E11,5.213598E11
8.0345543E11,5.3563693E11
8.261454E11,5.5076356E11
8.2570936E11,5.5047284E11
8.1239146E11,5.415943E11
8.2956675E11,5.530445E11
7.6687265E11,5.112484E11
8.1150725E11,5.410048E11
8.2063026E11,5.470868E11
8.358913E11,5.572608E11
7.867863E11,5.2452416E11
8.1264286E11,5.4176186E11
8.1867316E11,5.4578207E11
8.3546256E11,5.56975E11
8.2650137E11,5.5100087E11
7.963237E11,5.3088243E11
7.8707537E11,5.2471687E11
8.103748E11,5.4024982E11
8.065615E11,5.3770764E11
8.123924E11,5.4159488E11
8.2924575E11,5.5283044E11
8.036601E11,5.3577338E11
8.1291425E11,5.419428E11
7.848363E11,5.232242E11
7.869551E11,5.2463672E11
8.0519515E11,5.3679673E11
8.1016016E11,5.4010675E11
8.011857E11,5.3412377E11
7.817236E11,5.2114905E11
7.763219E11,5.175479E11
7.988325E11,5.3255497E11
8.049983E11,5.366655E11
8.089807E11,5.3932045E11
7.8289994E11,5.2193326E11
7.622562E11,5.081708E11
7.798479E11,5.198986E11
8.044511E11,5.363007E11
8.2957717E11,5.530514E11
7.9557984E11,5.3038652E11
8.008356E11,5.3389033E11
8.033271E11,5.3555138E11
8.0306484E11,5.3537653E11
7.940237E11,5.2934908E11
8.0255504E11,5.3503666E11
7.951495E11,5.300996E11
8.229299E11,5.486199E11
8.12685E11,5.4178998E11
7.976594E11,5.3177293E11
7.961529E11,5.3076856E11
7.889281E11,5.2595202E11
8.322241E11,5.5481605E11
7.881452E11,5.254301E11
8.191952E11,5.461301E11
8.177496E11,5.451664E11
8.1744776E11,5.4496513E11
8.2638576E11,5.509238E11
8.137478E11,5.424985E11
8.180758E11,5.4538384E11
8.2272997E11,5.484866E11
8.167504E11,5.4450022E11
8.198263E11,5.4655084E11
8.1225875E11,5.415058E11
7.836092E11,5.2240607E11
8.0771187E11,5.3847455E11
8.0060036E11,5.3373354E11
7.980016E11,5.3200103E11
8.035853E11,5.357235E11
8.1088827E11,5.4059214E11
8.210029E11,5.4733524E11
7.901153E11,5.267435E11
8.166293E11,5.4441948E11
7.940904E11,5.2939358E11
8.001962E11,5.334641E11
7.7256045E11,5.1504028E11
8.1331795E11,5.4221193E11
7.999833E11,5.3332214E11
7.9003176E11,5.266878E11
7.945603E11,5.2970684E11
7.988425E11,5.3256163E11
8.00833E11,5.3388863E11
7.7728344E11,5.1818892E11
7.8112195E11,5.2074794E11
7.6414275E11,5.0942847E11
8.007781E11,5.3385203E11
7.751766E11,5.1678436E11
7.913092E11,5.2753944E11
8.068843E11,5.3792283E11
7.8987015E11,5.2658006E11
7.9741275E11,5.3160847E11
7.9236255E11,5.2824166E11
7.843619E11,5.229079E11
8.0508256E11,5.367217E11
7.9538926E11,5.3025948E11
8.25005E11,5.500033E11
7.8543893E11,5.2362592E11
8.063754E11,5.3758355E11
7.999123E11,5.3327482E11
8.011782E11,5.3411876E11
